50.87
48.19
44.68
42.92
40.39
40.20
39.63
40.09
41.27
44.88
45.00
47.20
50.78
45.49
44.73
46.59
52.99
60.26
60.61
60.36
57.40
53.86
53.45
49.72
46.69
42.43
41.09
40.00
37.55
39.00
42.09
44.96
48.45
52.00
52.00
52.15
55.95
52.00
50.69
53.45
59.99
62.00
63.08
62.17
60.03
55.03
52.25
48.45
46.11
41.59
37.21
35.18
24.65
23.85
24.05
24.80
24.97
25.65
26.00
26.07
25.87
25.83
26.02
26.50
28.05
28.53
28.17
27.92
27.56
27.04
26.18
24.92
24.66
24.05
23.88
24.03
24.58
25.84
28.21
30.85
49.20
50.02
55.40
56.53
52.07
56.53
57.99
58.03
60.50
65.22
60.05
53.73
37.68
34.82
30.95
27.35
27.81
27.45
27.08
27.14
27.79
29.81
35.78
53.64
60.00
60.12
61.18
62.46
61.48
62.29
61.89
62.51
64.26
65.60
60.13
54.66
40.78
39.60
32.06
29.21
29.83
28.72
28.11
27.98
28.16
29.00
30.72
35.54
39.18
41.88
46.07
45.27
46.21
47.35
51.31
54.90
58.40
59.93
55.67
50.25
39.84
39.93
38.70
32.50
43.08
40.90
39.19
39.78
41.28
45.54
55.97
67.80
84.43
83.86
82.44
85.99
84.71
82.29
78.62
81.57
89.68
99.91
84.62
77.79
65.20
59.33
58.26
52.25
49.31
47.38
45.78
44.51
45.69
50.33
59.71
79.56
103.54
107.80
107.32
104.26
99.91
95.27
92.72
95.42
95.00
110.00
99.95
80.12
64.24
59.43
56.22
51.75
50.67
48.60
48.02
49.25
49.63
47.77
49.57
53.82
59.80
66.92
67.71
68.00
67.01
62.53
60.00
60.00
62.78
69.92
71.99
68.95
62.66
53.85
54.13
44.93
38.84
35.97
34.35
33.87
33.84
34.21
34.03
37.61
39.09
40.76
44.16
46.24
44.76
44.34
45.45
48.03
55.87
62.09
63.41
55.24
48.05
44.49
40.07
35.88
44.90
39.59
37.78
35.43
37.29
41.41
42.78
50.34
57.25
49.62
47.57
44.64
43.33
42.61
42.05
42.31
43.28
44.98
42.93
39.71
37.11
34.24
34.01
27.39
18.96
15.82
19.00
24.14
27.00
35.94
40.96
54.51
60.64
54.96
56.50
55.34
50.10
48.05
48.04
52.01
61.06
64.12
60.40
50.45
41.79
40.71
37.75
34.62
33.03
32.43
31.58
30.84
31.68
36.81
41.87
46.21
56.14
47.71
46.23
43.82
41.22
40.04
39.47
41.17
45.91
55.49
54.51
48.10
47.14
40.88
40.02
38.03
37.30
36.91
36.98
39.44
42.16
45.34
58.60
79.90
88.82
89.27
89.63
91.05
88.75
87.10
83.98
79.96
83.42
100.67
90.16
87.70
74.58
62.74
59.82
55.60
48.98
48.66
47.70
46.60
48.00
51.52
62.97
77.94
94.07
97.76
90.69
86.97
79.25
76.64
77.14
76.98
82.00
99.50
98.02
95.01
77.20
67.18
63.19
55.42
53.09
51.65
49.88
49.84
49.51
48.52
48.74
51.43
60.00
63.96
61.79
62.13
55.01
50.66
49.48
50.65
57.70
65.01
66.40
63.76
57.47
52.98
53.20
48.17
46.49
44.82
44.99
45.54
45.80
45.42
45.70
46.50
47.40
51.13
54.75
58.08
54.58
52.82
49.95
53.48
60.60
67.05
72.00
67.78
62.45
55.56
52.13
46.90
43.85
45.83
45.59
45.94
44.83
46.42
55.19
73.06
78.92
75.65
71.67
62.46
58.20
55.91
57.57
57.39
54.54
59.94
55.08
51.42
46.97
45.63
42.95
37.83
36.68
35.94
34.74
35.96
36.70
37.95
41.59
46.68
55.15
54.50
52.73
54.50
52.21
52.11
52.37
51.34
51.89
54.70
52.75
45.39
41.41
39.75
36.66
31.23
30.33
28.40
26.62
25.13
28.76
30.92
35.56
40.23
41.25
38.90
38.01
37.95
37.92
36.84
36.80
37.99
39.33
45.51
40.41
39.34
35.69
31.97
29.49
25.30
24.85
19.32
8.94
0.90
0.02
13.69
27.47
35.32
37.23
35.29
33.01
33.38
33.69
35.34
36.22
36.61
37.93
39.52
37.22
35.71
32.01
30.08
27.43
24.09
9.10
13.92
11.08
11.51
16.24
28.49
32.23
37.66
41.51
39.62
38.62
37.46
36.39
35.83
35.27
35.18
35.71
36.22
35.47
33.35
29.33
27.83
26.77
25.40
44.61
29.19
29.79
30.32
31.25
32.25
42.40
45.88
50.00
56.92
58.15
58.95
56.63
52.00
51.00
53.65
58.30
63.09
66.13
63.29
58.16
52.80
51.20
47.18
44.80
40.67
41.24
40.24
39.78
39.90
40.56
41.97
46.00
50.54
53.09
54.34
51.86
45.99
44.34
45.93
52.00
61.98
65.00
62.91
59.30
55.76
53.93
47.89
46.62
43.09
43.00
42.59
42.20
45.66
61.95
70.00
75.62
79.67
74.95
72.20
69.02
67.00
65.91
66.01
67.35
73.46
71.41
65.17
62.52
55.26
50.12
41.02
50.95
49.57
46.90
44.69
46.10
51.02
57.33
69.05
73.95
71.73
73.91
72.00
70.00
65.91
66.33
68.15
68.75
73.73
70.36
63.15
60.49
54.93
51.05
46.56
45.70
44.04
42.61
42.04
42.27
44.93
51.25
61.57
66.79
66.12
65.47
65.94
65.78
65.54
65.84
66.16
65.90
68.17
70.48
63.99
59.64
55.75
53.10
48.39
46.87
44.93
43.83
42.40
43.64
44.41
53.52
63.54
72.52
68.83
67.06
64.00
60.74
60.08
59.60
56.71
56.76
62.56
65.36
60.70
55.67
53.30
51.02
45.51
42.71
39.86
38.42
37.85
37.61
42.85
45.00
55.42
58.56
58.88
56.67
54.73
53.42
49.01
46.02
50.69
54.98
59.54
60.79
59.38
54.34
50.03
45.90
42.79
42.02
40.39
39.05
37.96
34.86
38.09
41.08
43.35
48.74
57.73
57.81
57.78
55.13
50.60
47.99
48.05
56.58
60.58
61.65
59.62
52.78
46.96
46.98
42.30
42.08
40.98
40.51
39.50
38.61
40.41
40.37
41.29
44.85
49.15
50.73
51.14
50.37
46.23
45.90
47.92
52.92
64.46
63.88
62.35
57.99
51.34
49.28
45.36
140.75
138.99
135.51
130.83
137.54
143.44
147.41
233.43
243.72
180.37
164.73
136.89
141.86
137.52
130.90
126.42
124.20
127.37
129.95
121.63
101.03
84.66
84.61
54.74
35.54
11.84
10.05
10.36
20.03
67.31
105.03
136.92
150.15
136.14
134.60
135.71
133.10
138.70
146.28
148.46
150.97
238.01
266.90
258.64
231.31
187.40
168.55
146.83
141.11
139.95
138.81
138.90
141.07
142.50
182.26
191.60
215.01
216.80
213.26
209.00
191.00
188.99
194.90
170.61
180.10
224.15
236.41
164.95
142.51
139.36
136.89
127.26
122.08
118.53
116.29
115.26
114.82
113.79
112.04
128.56
129.69
125.45
125.20
133.00
131.04
120.57
117.45
117.81
119.04
128.44
145.93
119.27
106.86
108.21
105.57
87.38
98.96
88.81
65.56
49.98
57.59
63.11
84.95
114.57
115.88
69.88
49.99
25.58
17.50
14.58
14.18
14.03
27.49
77.44
67.29
21.55
14.09
13.53
12.70
10.98
10.36
9.23
5.80
0.17
1.38
7.45
9.28
10.11
10.84
12.36
13.75
20.68
84.52
90.23
70.05
70.02
94.93
116.52
125.00
118.70
102.05
90.35
112.47
94.96
20.04
15.91
14.27
10.08
13.80
21.00
60.90
128.07
130.17
127.26
95.00
94.96
70.43
30.83
22.05
80.04
108.08
148.74
135.15
134.31
132.09
129.64
123.16
102.74
114.49
110.45
107.86
67.30
56.18
67.25
84.92
120.94
125.55
123.63
120.06
120.56
119.48
118.94
118.51
98.21
117.43
151.79
151.70
135.42
135.10
135.93
120.41
118.93
113.23
111.58
111.85
108.91
110.04
112.45
119.47
124.90
127.11
119.76
118.94
116.84
116.06
116.52
116.41
116.57
115.38
125.20
126.16
120.67
120.04
118.61
116.80
115.78
124.05
120.33
121.00
121.94
122.32
120.24
132.18
159.87
157.31
132.45
132.05
137.32
119.42
119.37
119.29
109.97
110.85
154.16
154.13
144.54
132.53
128.90
128.08
125.79
173.28
175.84
168.54
163.94
165.00
171.30
196.95
220.70
218.61
170.12
137.36
122.46
124.37
124.59
125.35
125.28
138.69
220.57
243.35
241.18
221.31
212.80
205.44
180.94
190.85
143.55
119.88
126.34
108.21
108.59
108.85
110.77
111.44
111.81
109.25
106.16
88.42
76.95
86.98
106.73
104.32
118.02
115.46
105.98
108.09
95.78
79.64
68.78
85.83
89.06
84.23
99.14
100.55
99.91
93.99
88.55
88.06
60.00
73.03
67.23
30.08
43.25
50.12
81.78
92.47
115.71
119.11
92.33
87.18
81.39
88.59
63.23
46.55
13.33
12.94
13.78
35.25
87.91
104.25
111.37
117.11
98.58
94.91
95.89
98.52
104.18
107.01
110.37
107.83
117.38
116.78
107.39
109.83
108.66
107.54
104.39
106.02
106.16
105.66
106.56
106.78
108.56
110.79
117.45
118.92
118.50
114.11
112.52
111.48
111.04
110.82
110.45
107.58
116.87
114.95
109.49
105.31
91.51
101.91
87.91
94.68
93.97
99.45
106.67
103.60
110.40
119.97
121.01
122.80
121.99
122.09
121.55
118.22
111.40
105.65
97.57
99.11
110.76
110.61
111.07
102.90
95.01
95.01
74.12
17.92
15.04
15.02
13.97
15.04
33.02
90.93
123.22
107.23
102.55
95.06
77.47
65.06
35.98
42.68
67.30
86.08
108.83
107.84
101.54
86.90
86.48
86.30
63.04
71.45
62.57
74.76
84.92
95.19
107.57
116.48
118.91
122.07
123.58
122.55
124.56
123.17
106.81
99.89
99.26
96.64
113.84
118.07
116.23
115.87
109.75
115.66
92.46
73.73
54.32
16.63
14.38
10.96
9.06
0.10
3.62
9.42
1.94
0.05
0.00
0.00
0.00
0.05
0.08
15.69
99.95
121.96
111.54
102.52
101.89
101.99
100.93
104.38
99.90
98.71
92.01
88.53
87.17
80.00
80.08
88.28
95.06
98.22
95.09
88.15
51.80
43.11
21.24
21.56
63.16
76.93
51.28
20.02
15.39
40.06
14.62
10.73
7.48
5.71
1.43
7.60
14.37
19.75
106.69
110.06
88.28
65.51
78.22
92.02
99.90
104.92
108.77
103.46
114.89
116.95
112.65
110.71
102.00
102.83
92.55
89.99
82.14
80.34
79.90
88.16
95.36
117.86
185.78
211.59
180.27
144.08
135.04
121.25
117.66
118.87
125.29
136.70
155.21
162.62
135.49
108.62
100.54
99.99
85.08
81.79
78.96
82.28
88.34
97.32
101.70
116.43
133.50
151.31
126.44
109.43
103.51
89.90
89.90
100.90
109.20
113.38
115.49
115.33
111.52
95.61
105.76
104.65
91.08
86.81
67.51
67.25
67.33
99.57
108.96
120.67
118.89
120.00
118.98
117.47
112.78
107.58
105.02
105.10
112.40
113.73
146.57
155.38
134.74
110.07
104.53
109.95
98.51
94.78
100.40
98.67
99.61
100.25
95.98
116.99
133.53
125.02
107.16
98.38
100.25
89.93
97.07
93.67
98.52
119.54
141.03
134.93
133.17
127.73
126.98
130.08
132.89
150.09
150.92
160.60
187.92
190.69
237.17
249.98
263.46
275.57
267.37
245.75
213.02
196.64
178.97
177.04
197.47
225.08
259.90
299.00
300.70
277.91
235.80
242.15
212.09
195.65
180.70
174.44
172.31
174.50
177.10
186.05
191.54
189.37
167.44
152.39
144.76
116.53
114.00
111.68
151.54
176.15
229.90
275.76
274.50
220.70
187.88
172.52
149.68
163.18
143.23
143.14
143.23
191.82
175.99
255.80
322.90
308.90
245.35
163.82
145.55
137.09
135.40
141.17
147.83
146.80
204.23
204.14
199.84
167.38
122.31
143.36
132.66
134.71
134.69
136.57
134.95
101.97
122.14
197.24
266.31
284.91
217.58
179.33
222.33
220.00
221.50
235.02
261.24
283.20
315.87
362.75
354.11
315.87
286.00
266.94
245.47
251.04
248.43
242.06
233.14
233.62
250.00
291.55
329.07
337.09
298.10
267.85
257.95
245.82
234.99
236.29
249.66
272.58
316.56
384.83
385.00
321.09
288.47
265.78
249.66
331.16
322.53
316.00
307.01
307.30
332.27
371.41
405.00
400.00
359.96
294.76
276.94
266.04
269.92
293.02
319.58
336.53
398.53
410.00
405.05
390.00
350.00
333.88
319.90
351.07
346.60
329.40
304.05
315.00
349.07
398.60
410.00
410.05
385.16
362.95
349.78
310.69
292.16
307.43
329.95
355.77
380.94
410.00
410.00
400.08
381.83
359.07
361.01
342.17
360.00
350.00
330.00
338.85
347.04
369.00
378.10
370.53
322.34
293.81
290.57
279.30
260.35
260.56
301.36
339.99
385.63
405.78
409.30
400.00
377.25
369.63
362.40
390.61
353.00
345.16
334.21
339.44
342.09
350.06
340.44
336.52
210.01
259.02
268.05
274.93
231.42
239.00
274.00
308.09
385.16
435.08
454.28
436.35
412.02
412.02
411.65
377.56
369.83
368.94
359.21
361.71
397.23
465.77
512.36
515.01
483.00
350.00
289.90
259.95
270.00
283.00
349.99
400.00
448.00
439.90
474.63
475.00
419.93
400.06
348.00
399.90
449.50
449.50
424.88
374.00
399.90
447.63
690.00
650.00
496.53
236.69
219.49
214.07
212.73
229.90
299.08
514.31
603.08
674.93
700.00
599.96
510.68
492.05
399.73
429.70
401.80
416.88
420.03
420.03
440.00
523.76
579.45
554.76
449.99
389.00
350.83
305.11
316.75
341.86
382.44
425.09
529.43
574.93
605.00
518.00
448.75
449.06
376.97
310.67
224.75
321.59
280.07
310.07
335.01
414.66
436.06
396.97
311.38
240.33
199.82
171.70
150.01
162.66
199.85
216.80
227.55
230.37
272.90
179.01
173.60
172.74
123.93
88.96
91.02
88.93
97.03
91.15
109.92
172.57
185.06
112.35
67.30
23.07
15.52
10.10
0.10
0.08
10.04
23.87
116.01
170.06
145.96
84.48
69.77
81.05
67.27
68.93
69.07
72.97
72.99
72.93
73.11
89.05
87.52
79.07
78.90
72.95
67.84
72.91
68.95
80.07
118.95
189.30
204.15
210.25
204.13
173.00
176.50
182.51
168.88
160.10
150.01
124.27
102.54
130.25
120.70
100.05
90.92
77.49
72.82
56.15
30.07
24.76
8.55
10.05
30.07
104.03
212.12
180.05
180.04
170.08
163.12
180.07
175.46
175.59
175.03
175.29
175.76
173.75
183.85
225.73
222.08
236.44
219.15
214.47
244.48
214.46
214.00
207.99
252.85
241.34
346.50
390.01
435.42
365.26
322.70
300.73
261.86
248.92
245.03
241.79
240.07
242.69
262.40
297.80
313.40
324.94
252.27
240.80
296.17
260.73
249.49
251.46
244.19
251.43
261.30
316.70
405.02
315.00
244.50
249.90
250.70
253.41
251.40
247.50
240.01
238.50
249.72
296.96
317.70
314.00
295.94
276.60
260.14
200.45
197.89
196.49
196.18
196.35
202.97
233.98
221.17
197.85
161.98
153.31
127.42
157.27
127.99
119.71
126.58
100.00
118.92
146.42
177.55
178.17
146.41
146.30
146.62
167.68
168.71
132.79
146.40
146.43
199.96
287.32
227.58
212.36
196.25
196.11
187.83
117.31
175.33
178.38
180.17
196.04
210.70
262.97
291.51
287.81
239.79
199.85
193.07
191.63
189.44
188.75
182.51
199.79
245.54
275.31
286.52
249.90
216.94
228.50
186.93
196.67
189.90
185.57
184.66
185.06
190.80
198.23
204.14
196.11
135.07
99.55
85.08
69.71
10.00
8.84
14.74
79.00
151.01
192.80
173.27
119.96
89.99
91.13
82.85
84.04
70.99
74.78
68.38
75.90
75.90
68.53
20.56
8.81
13.00
-0.10
-5.31
-16.81
-19.04
-13.35
-1.06
0.06
69.93
122.32
122.95
85.97
80.08
110.07
93.36
114.18
118.82
118.85
119.00
137.03
177.08
186.25
188.94
190.34
186.33
153.06
163.68
156.99
150.00
150.39
211.21
232.30
258.20
309.60
336.98
258.41
213.45
199.90
193.20
223.00
215.00
207.00
206.36
203.00
220.92
273.70
287.34
281.10
240.15
199.90
192.20
183.66
185.21
193.92
199.86
230.01
269.97
301.03
351.00
290.84
255.90
242.27
222.38
215.39
200.05
200.62
198.08
204.09
226.15
275.45
299.25
280.72
217.11
199.70
191.54
181.07
181.93
190.31
202.34
217.99
266.05
312.28
374.14
311.03
270.00
245.12
216.40
213.01
212.33
211.50
211.80
212.93
223.32
282.97
305.07
267.73
218.91
194.92
194.94
185.97
181.94
192.70
206.92
232.58
266.99
310.76
371.11
295.40
256.86
240.04
203.00
262.48
242.00
234.29
230.15
226.01
254.91
315.00
333.86
240.00
220.10
185.60
185.87
172.57
169.75
178.57
199.11
193.13
194.19
196.52
197.22
193.35
193.10
192.55
180.88
164.35
175.99
174.15
142.49
117.00
142.28
173.34
190.28
152.18
159.37
110.05
85.94
83.11
80.38
89.35
157.71
199.95
232.42
262.50
292.24
270.04
244.98
244.94
237.75
235.00
221.93
214.02
212.00
211.09
210.31
214.03
214.08
214.07
205.02
192.37
161.50
89.90
77.97
92.00
141.59
194.83
220.00
199.99
196.55
193.59
190.62
190.52
190.49
182.49
178.25
178.26
178.31
182.14
140.52
185.41
188.28
182.48
142.07
94.15
37.94
22.65
16.47
14.04
14.48
71.90
130.44
142.73
143.07
142.86
142.75
142.50
181.76
181.69
181.76
182.05
182.20
182.22
207.90
246.68
276.97
226.76
214.60
210.06
202.42
199.18
197.28
193.82
195.34
199.64
220.06
274.96
261.96
234.96
211.31
191.60
214.84
209.89
225.00
229.08
232.33
242.00
283.00
305.80
326.90
289.66
232.00
221.23
216.87
210.91
202.94
195.28
238.95
269.81
294.70
309.97
250.00
234.31
240.52
197.92
200.66
204.29
195.02
181.93
186.30
200.69
246.37
294.00
323.56
261.75
226.93
219.09
203.92
193.43
190.80
185.62
184.96
188.01
200.01
229.49
199.08
180.35
180.35
167.51
173.26
152.30
159.90
151.00
150.00
170.00
181.41
200.03
208.47
200.35
193.08
181.14
171.94
159.91
147.10
140.82
142.33
172.40
191.70
205.96
200.19
174.92
167.85
151.86
112.01
125.01
131.72
140.54
131.79
145.07
135.84
168.06
190.30
192.15
169.77
166.94
160.63
132.18
120.60
128.45
137.45
171.27
227.60
259.15
241.63
210.00
206.14
189.38
199.08
193.08
195.76
194.44
195.55
193.82
190.88
192.60
197.24
182.07
180.76
179.13
174.20
119.64
97.07
104.00
121.39
132.21
177.39
184.61
184.95
179.57
177.45
155.03
118.63
91.81
88.00
81.56
87.49
91.60
133.00
120.60
101.16
87.60
74.54
68.27
40.08
30.98
25.60
37.56
47.24
69.78
69.93
74.86
74.52
69.96
72.98
50.09
23.53
30.00
35.09
42.35
74.53
83.97
163.27
220.07
232.03
184.00
182.60
176.26
175.67
175.75
175.70
169.49
108.86
139.92
199.94
251.03
261.56
226.47
189.65
163.64
112.87
140.00
126.56
121.67
126.59
118.48
165.60
177.84
175.30
159.36
95.69
74.86
77.80
74.73
71.98
74.75
74.81
126.26
165.54
178.43
171.00
132.42
109.11
60.37
73.02
67.74
59.64
67.58
73.58
74.13
87.07
136.61
113.23
77.35
71.93
71.94
77.38
70.38
70.15
73.35
74.82
80.91
82.06
94.41
79.56
65.45
69.19
27.35
2.02
1.03
1.02
2.47
8.58
44.51
95.37
147.26
150.00
87.00
81.85
86.54
88.19
91.41
130.77
166.11
169.51
171.03
172.67
173.62
176.48
177.09
188.49
159.98
119.25
110.60
92.51
83.22
79.12
76.14
76.56
88.15
82.90
69.72
25.14
5.04
-0.01
-0.28
-2.49
-0.10
-0.03
1.98
75.81
96.97
105.00
90.95
89.77
69.88
70.96
26.15
24.59
25.67
40.04
36.85
25.95
45.02
35.76
22.23
12.29
13.00
5.31
0.10
0.09
0.42
8.52
71.03
139.90
200.12
174.96
176.73
176.56
175.54
182.38
184.32
184.22
185.29
186.70
182.25
200.06
299.93
285.03
255.00
214.92
190.71
187.85
181.84
179.98
179.77
182.86
219.39
263.32
296.99
290.37
267.81
247.99
204.40
192.90
188.71
184.13
183.00
185.55
191.53
229.54
268.78
260.33
219.02
182.51
172.32
136.12
110.02
100.01
118.14
139.90
179.40
215.47
194.95
200.03
189.08
177.46
137.74
161.67
165.81
163.31
167.63
180.73
163.20
199.94
189.02
197.47
194.48
193.45
192.10
188.72
194.25
196.15
196.00
199.93
241.25
266.20
298.95
301.63
269.03
250.00
231.94
232.45
207.63
200.14
198.05
199.97
204.46
254.00
272.33
282.11
252.78
205.62
199.91
197.44
194.58
193.24
191.60
193.93
199.99
227.53
271.07
272.31
246.14
227.57
202.57
200.63
197.64
194.28
190.49
191.86
196.26
203.61
208.81
209.88
189.92
190.62
186.55
160.03
167.65
157.38
151.11
155.01
179.32
196.21
228.35
235.99
208.84
205.09
196.24
191.16
183.37
178.00
174.21
171.81
179.54
188.98
191.12
189.60
172.62
146.58
121.99
82.36
52.90
33.78
40.32
65.84
107.71
171.19
195.08
205.81
194.47
175.84
166.88
160.22
139.97
142.07
123.38
133.96
139.96
146.10
144.01
133.55
100.00
75.92
41.29
23.94
13.16
13.14
13.18
18.16
66.20
158.02
182.55
191.54
187.88
171.46
158.07
95.90
81.00
84.00
81.00
85.25
92.31
127.21
144.59
139.97
145.88
95.51
82.92
75.98
61.17
45.00
60.58
82.92
121.25
189.84
240.30
250.73
226.60
221.23
202.00
205.00
192.98
191.14
190.95
190.00
200.61
251.27
291.43
295.43
255.71
222.80
202.04
193.56
187.06
176.57
176.11
168.94
193.33
224.93
239.03
240.01
223.60
200.00
184.20
191.00
189.55
183.10
183.28
183.38
197.96
227.24
249.92
249.90
209.96
193.50
188.91
175.87
168.37
158.90
171.95
175.85
196.15
222.95
249.00
250.00
239.18
220.10
201.97
188.55
179.92
181.08
178.92
180.50
199.92
229.76
256.02
256.25
232.26
207.44
190.38
182.59
176.25
167.93
168.05
172.01
185.34
204.96
220.62
223.61
204.18
199.71
174.62
191.07
183.93
187.01
179.41
176.09
189.58
205.71
239.95
244.10
221.05
196.56
156.71
122.43
98.52
86.77
86.77
102.34
137.00
180.26
209.61
209.97
185.00
190.17
147.32
168.75
168.24
167.21
153.86
129.90
122.57
140.77
154.01
160.15
82.69
55.43
15.92
9.11
4.52
0.11
5.07
20.45
94.85
138.87
168.19
171.36
153.83
133.56
97.95
100.58
93.14
91.92
87.88
84.06
87.84
87.81
95.10
96.51
81.88
74.90
73.03
54.86
34.51
34.20
44.09
72.81
111.73
165.01
198.65
224.95
216.66
199.77
186.99
184.96
183.78
185.63
186.10
188.12
200.06
237.23
261.87
272.47
249.06
232.59
227.97
211.00
200.00
194.90
191.99
189.50
200.00
225.50
273.88
275.71
264.93
254.00
218.10
212.54
205.01
204.59
201.07
204.16
232.95
266.52
290.00
290.00
260.48
226.71
210.56
207.14
201.32
202.51
199.92
199.53
215.60
239.90
281.00
286.76
270.01
255.00
219.18
206.72
198.01
196.36
194.53
197.51
209.94
244.20
271.01
265.98
252.74
224.76
213.26
207.66
200.62
193.22
190.96
191.35
206.49
239.31
267.90
266.33
254.94
235.33
202.57
214.63
201.94
198.00
201.37
201.50
218.35
255.00
283.37
279.29
251.26
224.23
212.06
208.00
200.09
197.05
196.30
197.13
217.35
213.30
279.09
284.91
268.91
253.56
222.78
206.05
202.94
202.10
202.81
205.09
212.77
255.77
280.06
291.22
256.34
230.33
217.40
208.37
197.25
195.24
195.04
206.00
216.30
246.98
262.08
265.87
254.97
241.56
215.44
204.78
189.10
189.91
187.47
189.96
194.81
201.00
206.59
210.01
205.85
195.95
186.58
180.04
172.94
166.35
159.69
166.65
192.02
226.09
246.97
252.64
247.11
239.09
219.00
206.00
199.70
197.56
192.20
197.43
201.32
195.00
194.95
186.94
182.04
177.31
176.50
174.92
150.74
140.40
138.90
155.90
187.04
215.85
249.43
254.94
243.03
239.72
215.97
206.46
199.87
194.69
193.76
196.34
209.96
248.88
270.00
264.57
238.98
194.27
189.97
190.68
190.45
187.65
185.05
188.20
218.72
219.47
223.06
223.58
226.20
218.74
214.82
184.50
182.09
184.08
185.12
187.04
191.19
236.26
255.96
255.96
232.70
206.07
200.24
195.79
197.29
194.89
195.54
197.99
218.99
249.96
269.94
270.23
261.77
253.21
228.94
206.00
200.00
200.34
201.12
201.14
224.32
256.58
296.90
280.10
255.09
226.01
209.41
204.64
202.15
199.51
200.60
206.24
231.16
249.98
275.44
281.49
263.37
246.90
232.47
225.20
208.44
208.12
205.09
204.90
220.77
254.96
275.06
268.02
252.96
235.03
232.09
223.98
215.04
210.90
210.00
206.67
229.00
243.16
263.00
276.61
259.96
251.84
238.52
220.69
213.74
207.56
204.02
206.57
219.07
255.91
274.92
262.97
236.80
220.00
208.13
207.40
191.81
190.01
187.01
192.70
211.59
239.09
240.56
262.69
255.91
241.83
218.25
210.54
206.01
206.11
200.01
199.50
199.69
201.78
207.10
211.83
208.57
194.17
190.67
186.55
174.37
166.70
159.17
168.22
185.30
201.62
214.24
211.96
211.85
211.55
206.00
208.03
193.30
191.92
186.01
182.98
186.06
184.97
185.93
183.62
163.45
140.33
123.17
114.65
86.18
78.50
93.26
113.60
155.80
196.04
234.60
238.99
238.35
225.91
217.90
209.08
199.21
196.07
191.11
193.68
210.72
240.00
256.23
250.04
219.21
199.95
194.39
185.51
183.46
179.55
183.94
190.63
220.93
247.97
280.00
280.00
250.44
218.77
189.42
188.48
184.01
178.99
169.98
165.97
176.82
185.14
201.88
231.20
203.81
181.45
165.46
106.90
88.44
78.65
88.49
113.58
181.19
209.78
229.43
194.54
196.20
201.60
191.81
186.76
185.86
185.12
179.00
179.46
185.72
194.56
233.22
224.00
200.00
148.46
95.19
70.10
25.23
3.74
31.26
79.05
117.60
184.18
219.30
221.93
220.00
195.60
192.93
149.90
145.01
140.01
145.66
148.91
172.42
181.52
188.34
220.91
182.09
138.74
122.21
98.46
82.38
82.30
94.16
131.01
181.51
170.05
145.31
202.60
200.53
187.52
185.49
182.65
181.69
180.42
174.38
175.90
178.27
183.97
186.90
228.29
225.10
168.78
120.00
89.81
60.50
25.66
29.80
49.10
111.48
146.38
158.92
151.97
149.62
145.73
142.45
144.01
143.67
145.36
129.75
150.37
153.85
161.43
166.44
182.40
160.00
119.94
76.24
76.46
20.11
6.28
45.58
72.89
162.02
206.38
225.00
240.04
241.87
239.00
224.15
214.91
196.35
185.43
174.15
170.17
170.25
162.92
158.57
154.98
110.60
95.98
90.00
75.00
45.35
20.15
39.58
76.21
133.33
199.74
226.11
230.57
226.18
219.57
200.50
180.18
169.06
169.13
169.89
169.53
182.04
229.95
248.08
251.09
231.08
210.62
199.68
185.34
182.33
185.39
186.26
185.05
196.54
245.74
261.99
274.34
259.90
240.20
187.99
203.39
195.94
189.10
185.05
189.20
202.24
236.70
264.89
274.17
244.91
231.99
216.29
208.09
197.46
189.24
187.97
204.12
237.13
251.82
290.00
298.21
265.88
245.46
192.00
100.09
171.99
167.89
165.68
167.55
143.34
199.18
201.49
204.18
187.49
179.17
171.60
174.66
177.03
172.47
174.61
193.10
216.84
241.20
286.99
280.00
245.88
225.73
194.47
196.96
185.01
179.94
176.27
177.98
185.06
222.33
250.04
249.31
229.93
198.22
183.99
182.96
180.80
176.20
185.09
198.96
224.02
232.99
269.27
273.40
253.00
234.38
213.31
186.93
170.68
173.88
174.64
176.59
170.89
197.96
257.00
250.00
224.00
204.97
200.93
196.99
189.68
185.33
189.26
190.00
216.30
227.70
230.99
231.03
218.03
205.27
176.30
134.15
125.30
96.29
94.66
91.76
90.01
105.14
119.15
111.03
121.69
137.00
89.95
53.90
34.39
32.34
32.57
30.78
81.49
161.27
201.00
219.32
228.11
218.48
192.76
186.58
178.68
172.50
170.00
171.00
169.91
166.96
166.88
160.00
149.96
138.29
138.25
136.95
109.92
101.40
103.70
133.19
156.62
195.29
213.37
225.55
227.90
219.91
191.24
175.89
164.57
158.75
155.07
158.20
172.54
202.70
224.96
230.02
220.97
211.98
192.35
184.35
171.73
171.63
169.93
171.04
181.63
182.22
174.58
171.75
168.98
163.57
140.79
63.67
74.02
66.06
48.52
32.88
26.03
55.44
154.44
163.49
162.63
160.40
158.30
150.50
137.56
124.50
147.79
157.44
162.63
165.03
165.61
165.74
165.48
164.97
157.77
190.73
161.47
161.07
159.36
144.83
173.86
211.11
230.00
222.41
193.06
167.14
161.50
157.95
141.69
134.48
120.21
120.00
138.31
166.32
171.85
163.78
164.78
156.22
102.20
54.37
77.80
58.55
55.06
35.62
22.55
27.64
47.33
48.42
7.37
1.96
0.07
0.00
-0.08
-4.40
-1.36
0.01
9.29
110.00
115.58
128.65
132.01
135.47
107.39
77.15
56.99
50.06
50.02
71.91
79.92
97.57
131.40
76.44
44.31
3.01
0.06
0.03
-0.10
-10.80
-7.36
-0.03
0.10
7.11
48.60
71.48
72.57
68.05
48.65
9.79
8.11
3.69
2.73
2.92
1.93
2.97
1.96
0.59
0.08
-0.03
-0.28
-0.03
-0.07
-1.00
-3.15
-0.03
12.56
77.84
132.21
154.53
141.25
141.40
135.82
143.27
140.99
140.50
138.37
140.04
141.32
133.80
138.37
140.15
140.08
140.00
145.06
141.00
133.49
123.78
121.59
120.00
150.00
179.56
171.89
214.94
224.97
225.00
214.96
203.90
194.72
192.65
184.50
182.92
195.74
230.68
257.95
260.27
232.92
230.00
229.77
215.00
207.50
201.28
202.29
210.90
225.70
241.36
291.14
295.00
266.46
243.68
227.50
200.91
183.00
179.62
177.02
180.01
195.99
228.68
247.77
243.14
225.90
200.63
193.91
191.80
184.07
182.54
182.08
182.38
200.00
234.97
255.02
258.67
247.51
240.01
227.98
220.00
207.45
199.09
182.53
182.28
198.95
230.00
249.68
246.36
228.82
211.80
206.60
189.38
184.48
184.86
180.04
181.60
199.71
229.92
251.98
257.71
262.60
250.00
230.33
191.00
172.21
168.98
161.62
147.98
148.39
193.26
223.10
218.13
188.76
170.14
160.58
156.90
145.42
144.00
147.88
158.13
166.19
179.20
175.60
174.97
175.08
173.35
170.60
175.56
162.79
157.09
159.29
161.37
161.43
209.83
215.13
199.98
185.15
175.65
161.85
158.04
150.23
150.01
149.33
145.08
169.35
166.01
182.53
221.83
202.98
194.98
154.46
175.81
167.97
166.92
157.05
155.50
156.01
159.80
169.86
180.00
178.50
163.33
139.98
135.14
114.28
94.86
118.99
141.42
158.92
179.83
199.03
209.24
198.98
199.06
168.14
165.52
157.23
149.57
136.88
136.04
128.04
127.27
133.65
136.28
142.65
141.36
143.62
132.50
91.11
98.52
121.95
132.03
150.02
163.03
168.80
169.44
166.36
169.22
137.74
103.40
90.86
82.07
88.02
85.05
88.08
90.06
94.22
84.05
57.05
30.00
11.06
0.10
0.09
0.02
-0.01
0.81
82.06
169.55
200.00
214.97
214.04
217.42
189.70
163.39
154.02
150.61
145.72
146.88
153.53
175.70
216.93
220.12
210.99
191.00
173.32
168.70
168.70
165.52
163.87
164.07
173.10
200.00
218.04
227.46
228.81
220.26
210.97
185.05
168.95
165.10
162.96
164.92
175.00
197.42
213.93
215.01
205.29
191.00
183.20
180.21
174.07
176.07
177.35
181.73
199.66
209.69
227.20
212.36
211.98
211.00
176.09
189.01
170.63
165.00
164.81
164.85
174.54
205.75
215.06
221.92
214.21
205.13
189.43
183.18
169.63
161.16
154.04
153.31
166.76
177.73
191.97
202.28
210.24
209.09
192.07
196.58
170.00
163.91
163.08
163.84
179.14
207.91
213.76
212.84
194.94
175.16
164.17
157.77
158.74
151.29
155.51
157.81
180.00
175.90
216.92
220.46
216.90
215.48
205.07
201.06
186.01
173.39
165.68
158.23
155.14
157.84
151.11
149.00
111.05
80.29
72.28
62.62
48.15
4.23
37.53
61.49
42.94
149.22
191.68
204.31
211.06
207.92
199.00
195.00
164.11
153.86
145.46
144.98
131.62
120.32
116.35
97.36
80.83
74.37
48.89
19.91
4.82
0.08
9.95
31.55
85.33
159.95
185.31
205.98
178.44
176.71
174.18
168.29
162.34
154.48
149.92
140.20
149.97
200.03
211.16
212.12
179.22
165.70
147.17
139.60
106.06
87.59
85.23
106.26
142.92
156.51
167.05
167.29
165.92
165.55
154.48
128.26
152.85
148.83
148.12
122.17
108.22
210.05
227.88
206.87
179.03
164.04
163.75
162.84
157.51
151.74
163.95
169.80
197.87
225.43
229.34
225.02
234.42
234.90
207.99
197.96
183.50
177.67
173.02
173.18
182.23
219.61
246.95
252.78
213.58
195.78
175.37
170.76
172.20
168.61
170.24
183.06
220.76
259.10
305.77
307.48
263.97
247.69
222.64
232.64
221.54
213.34
213.63
206.46
207.09
227.35
254.96
245.00
221.81
185.73
163.48
152.96
116.89
100.00
98.56
116.63
165.21
222.70
258.56
265.18
270.47
262.25
224.90
296.21
250.70
225.09
211.40
206.86
239.91
292.34
323.31
325.70
299.07
250.43
194.90
186.55
180.67
174.12
180.47
188.34
254.46
303.99
317.10
355.39
275.09
206.20
198.17
195.86
197.61
184.37
180.64
172.22
178.99
189.93
190.15
188.16
185.06
157.44
142.26
106.52
77.28
76.66
78.29
149.40
189.94
264.61
328.01
330.47
319.21
285.08
251.88
207.07
190.00
165.52
139.80
120.60
110.96
112.55
98.57
90.53
94.28
94.15
95.20
82.55
75.00
60.09
80.72
93.38
157.35
219.62
258.70
282.69
294.29
306.93
281.10
240.22
220.39
218.90
220.10
213.20
263.27
301.67
370.14
500.00
348.28
310.28
305.97
263.54
213.87
193.09
183.58
180.44
198.20
209.23
291.19
316.32
316.32
288.71
250.01
264.91
242.42
232.91
219.95
217.17
228.91
297.61
338.90
328.60
263.72
236.82
224.74
219.41
212.61
210.81
229.83
239.43
304.48
373.93
450.25
458.04
410.35
373.25
325.51
272.45
268.49
268.90
248.50
255.02
284.29
348.49
429.95
387.88
339.79
301.49
292.44
268.90
249.70
244.46
258.12
284.10
331.47
398.36
491.04
462.91
399.30
374.55
299.58
288.59
257.91
250.11
245.82
255.08
279.68
336.10
363.35
350.39
316.23
277.83
246.34
240.70
227.92
228.00
248.70
263.06
333.96
367.43
429.06
413.99
358.95
292.36
210.37
224.84
211.69
204.21
192.50
188.34
189.04
274.57
335.17
345.74
329.98
296.74
238.18
151.67
207.19
201.38
198.33
179.00
200.45
211.84
216.39
299.83
330.92
320.00
264.47
260.27
236.78
214.91
217.08
203.74
209.06
226.73
261.09
269.03
228.26
185.73
184.96
197.65
180.43
164.06
184.94
220.66
269.07
271.57
314.10
327.17
322.68
324.02
294.94
288.91
261.33
217.90
206.62
196.78
180.25
174.44
167.67
155.09
112.14
101.36
95.00
83.02
79.82
79.82
112.45
176.23
218.31
289.02
324.79
333.38
334.19
335.71
315.87
295.62
263.70
258.07
256.14
254.55
268.87
330.91
357.94
371.07
348.38
332.54
293.50
268.00
250.91
251.87
259.91
288.57
340.91
378.59
443.50
390.37
375.64
372.17
347.81
266.05
272.47
254.91
256.31
266.37
282.41
359.10
381.88
400.93
372.62
313.99
270.09
250.41
259.70
252.43
299.00
324.02
368.83
434.99
470.90
453.14
410.92
396.38
337.23
275.06
261.27
246.47
238.00
243.27
254.02
315.46
350.85
386.95
365.41
329.64
320.93
303.91
291.40
294.55
300.85
308.91
341.07
368.86
390.90
390.00
366.90
352.77
275.58
285.04
272.58
274.72
278.00
267.63
277.86
339.77
369.89
379.63
341.75
299.02
274.02
276.32
268.97
278.07
285.79
324.09
372.44
409.41
479.00
450.00
394.21
355.17
258.08
268.71
265.86
268.01
266.08
265.33
282.13
355.19
378.85
385.19
378.00
337.80
339.00
302.35
270.90
262.10
238.72
220.69
242.50
282.13
319.74
359.49
304.83
385.00
362.30
285.72
255.00
225.71
230.71
221.85
214.20
233.84
244.56
208.60
154.08
125.00
113.85
89.37
76.33
89.34
89.17
131.11
240.30
285.03
350.00
362.85
359.96
353.44
302.17
270.08
237.95
199.08
195.60
185.60
182.71
176.71
192.31
185.07
170.26
128.20
107.43
93.10
68.55
65.82
74.46
123.80
175.99
272.77
327.00
340.10
348.43
348.45
333.06
319.65
277.83
265.15
254.35
258.03
302.44
361.88
376.00
385.17
366.00
284.70
221.30
181.80
184.36
168.21
161.07
158.48
189.03
254.80
250.03
265.27
376.27
284.25
237.15
235.15
225.18
206.92
208.39
184.99
185.07
289.69
412.59
400.05
303.43
240.11
255.70
221.75
211.13
192.71
200.10
224.11
234.16
231.53
260.63
249.89
249.71
252.39
230.01
351.39
279.07
232.98
246.24
233.08
233.01
362.08
413.89
406.93
352.76
287.90
260.83
220.00
204.77
172.44
163.21
178.83
230.67
232.53
237.06
233.71
233.73
233.00
227.05
216.18
185.32
158.04
144.81
144.10
155.64
168.22
231.87
239.51
243.13
234.99
220.00
201.99
190.48
165.62
159.07
155.02
169.68
179.01
197.23
242.42
248.35
240.25
197.94
200.08
206.29
174.69
155.22
145.53
150.93
165.26
213.96
229.86
230.63
224.62
213.77
179.50
163.58
158.15
159.35
166.11
206.80
212.43
214.86
216.13
226.07
226.00
211.06
161.76
176.37
157.96
155.13
146.02
136.07
131.96
145.97
149.90
143.23
107.60
106.82
64.71
18.68
0.88
0.89
3.05
51.85
90.02
94.98
100.86
94.65
113.06
79.89
77.12
49.32
50.03
31.39
63.31
58.57
67.67
41.89
36.75
30.01
30.08
49.77
20.00
19.14
11.85
21.31
40.29
77.11
157.13
322.13
369.90
378.07
389.17
371.92
320.08
278.00
275.93
269.24
272.11
298.00
395.95
415.08
433.97
416.32
404.98
396.90
371.29
366.09
322.49
299.92
312.15
375.48
405.00
458.03
469.90
452.12
450.05
419.15
395.49
349.57
330.04
331.50
334.34
362.10
419.64
453.66
448.90
382.42
328.74
319.89
297.47
258.93
261.69
270.43
291.75
391.64
416.00
463.37
505.37
480.00
463.33
392.75
416.05
365.61
319.39
302.19
325.04
332.22
411.97
435.00
450.00
419.99
365.76
343.22
143.48
94.11
107.51
151.76
151.96
155.44
175.25
177.71
186.21
264.81
268.77
262.75
387.47
297.76
302.33
317.48
319.41
319.81
319.72
333.54
343.98
327.41
315.16
302.42
237.15
185.92
167.83
164.99
163.96
164.77
166.68
168.07
185.11
204.41
216.52
166.79
94.20
136.82
136.16
136.20
139.08
138.97
170.16
226.01
261.35
267.62
246.94
239.82
206.01
190.00
166.18
166.34
196.09
230.45
264.52
227.36
397.06
384.17
357.64
285.52
233.84
215.18
183.77
183.79
154.72
149.98
151.69
160.02
139.93
52.49
35.53
1.07
0.07
-0.05
-0.10
0.00
1.03
31.66
143.75
250.22
233.83
286.42
291.25
289.69
290.06
240.30
200.64
192.24
193.81
190.22
193.80
189.55
189.51
164.00
115.77
110.21
87.59
72.92
40.02
83.42
109.30
200.89
344.42
410.26
405.44
434.95
405.69
397.34
389.77
328.49
299.23
282.44
287.01
304.95
393.11
424.94
375.20
372.54
302.96
303.44
291.35
271.57
242.17
243.88
353.23
400.00
414.11
600.10
679.54
599.98
530.13
469.86
402.46
368.99
336.39
325.24
318.72
350.98
440.00
483.43
452.95
385.60
364.07
342.88
344.33
339.53
322.72
348.17
380.01
443.42
484.10
581.25
570.05
466.15
328.04
281.26
267.80
241.42
221.67
221.72
162.46
158.54
186.16
253.41
326.45
316.78
299.15
230.98
228.72
235.91
238.46
287.40
319.31
340.93
271.82
438.61
354.74
356.72
359.76
322.20
307.00
307.50
318.22
328.66
320.42
325.26
429.56
493.88
488.31
462.98
431.95
381.09
346.06
319.96
314.82
307.94
323.01
288.72
417.60
400.00
440.76
419.28
432.90
345.09
349.16
312.07
292.58
286.08
224.09
232.66
319.83
429.01
383.45
327.10
338.32
316.30
276.30
239.92
208.72
243.34
246.31
334.48
424.61
412.00
423.07
399.90
394.24
382.17
355.71
344.67
351.99
337.01
332.04
331.27
337.03
333.12
343.78
350.96
337.02
307.36
285.06
242.73
183.97
185.45
226.44
265.74
324.48
369.52
387.00
400.04
376.99
325.97
393.26
379.24
355.06
331.00
316.18
302.82
272.76
260.93
222.42
162.89
149.99
100.16
71.72
58.48
48.77
64.40
120.06
255.88
355.02
390.40
418.85
402.01
400.75
374.48
198.11
235.12
198.22
179.36
168.27
155.69
162.69
219.58
391.87
349.92
294.97
265.25
235.09
231.32
222.45
191.57
217.77
266.29
322.36
370.90
373.24
371.24
373.52
320.20
179.24
215.59
204.50
208.63
216.83
157.08
174.81
195.15
219.00
201.04
177.14
164.58
130.89
126.10
122.34
118.92
121.24
127.20
136.79
152.66
191.09
149.90
149.59
134.96
154.04
139.64
137.43
137.62
139.79
135.86
173.03
169.16
173.00
173.06
173.14
189.94
189.92
219.44
235.20
267.00
282.10
254.54
219.43
295.94
487.08
467.80
404.92
390.00
437.79
400.91
399.97
397.24
399.97
400.04
489.62
420.78
400.75
447.10
438.90
417.59
415.02
409.58
419.53
365.50
454.39
513.93
563.85
598.94
586.99
557.43
534.23
451.72
400.02
384.10
373.81
388.51
374.83
402.61
463.16
508.14
517.17
503.93
463.44
448.93
394.44
366.45
365.04
404.15
407.08
461.52
489.87
512.51
504.33
484.94
460.96
424.87
425.00
404.30
405.00
395.85
377.06
383.98
406.78
423.02
412.72
388.65
335.48
308.54
268.46
236.78
247.78
291.73
316.43
388.44
425.86
454.15
467.71
466.69
466.24
441.93
382.79
339.88
300.10
293.05
271.30
272.41
261.03
264.80
300.01
286.37
261.10
255.76
263.08
219.08
208.74
226.08
252.07
316.01
394.79
449.55
452.95
464.52
465.67
425.01
385.06
344.06
338.81
320.86
329.72
380.00
429.66
433.56
474.90
443.95
391.04
338.12
339.46
320.38
242.22
218.50
218.72
313.47
432.79
457.25
490.61
487.75
485.14
427.88
440.98
390.10
382.10
359.89
352.69
393.03
457.04
479.90
478.90
369.90
304.77
243.03
186.09
218.11
192.24
172.12
194.04
241.01
356.16
360.34
380.84
359.94
359.59
291.47
248.12
248.01
248.00
246.21
241.74
240.55
248.23
246.42
315.95
286.99
202.98
184.23
198.07
179.24
179.27
165.98
201.83
363.36
423.06
494.02
516.43
510.46
460.80
434.07
450.30
414.26
375.07
348.49
345.30
375.07
451.39
480.10
477.30
427.10
359.90
279.07
240.07
235.78
228.31
228.34
267.63
378.04
411.23
500.00
502.07
488.29
480.60
379.03
405.23
358.18
337.64
339.17
338.52
390.05
449.91
468.00
483.91
433.98
427.55
405.10
388.21
310.71
267.43
236.74
237.52
260.32
344.75
390.97
422.80
407.28
367.05
236.72
213.24
296.43
273.68
238.00
240.69
236.95
231.68
269.90
287.75
228.08
221.28
186.18
142.32
142.37
116.02
139.77
159.36
231.41
316.70
371.42
396.15
379.90
369.08
324.98
277.89
232.85
218.28
206.40
200.47
205.23
205.00
206.29
162.27
142.70
100.00
87.69
86.82
69.74
70.02
86.15
102.82
199.42
301.67
393.30
421.99
419.92
401.86
359.42
310.08
271.57
281.49
278.39
272.89
310.38
408.54
419.99
414.68
384.55
339.44
307.07
292.66
294.01
294.68
307.77
329.86
406.02
439.98
495.90
493.85
455.00
429.15
391.20
330.76
298.92
298.95
289.20
295.75
320.01
382.92
414.98
426.22
383.99
310.09
282.44
277.57
258.94
260.64
266.89
289.37
351.34
420.00
469.80
469.72
428.67
406.45
343.31
297.01
286.98
298.71
285.60
293.99
297.74
343.67
392.98
395.51
356.26
302.90
284.90
274.76
253.00
253.96
272.34
303.10
353.00
409.93
449.00
454.73
420.00
406.84
355.01
309.92
300.03
310.00
306.30
312.00
347.06
406.65
419.97
414.90
397.16
355.10
313.97
298.97
269.86
267.86
294.00
334.80
401.31
450.00
539.90
534.75
446.00
414.99
390.00
422.10
405.00
395.69
391.95
402.56
408.00
469.21
513.31
508.00
472.56
419.90
405.60
376.39
328.45
334.37
372.09
393.24
448.08
489.99
560.00
565.40
507.78
469.47
424.02
427.23
400.71
387.87
374.09
375.79
382.76
379.90
388.74
399.90
374.50
333.41
300.02
247.22
192.11
213.62
292.05
341.76
412.30
466.20
503.26
504.70
479.94
461.91
425.89
416.30
397.20
377.90
354.00
350.06
351.01
352.77
350.05
355.17
339.94
309.00
249.58
136.72
84.93
74.02
164.37
268.13
343.52
415.90
454.91
459.96
462.60
444.49
406.64
375.03
361.09
360.64
350.00
352.99
363.59
381.41
429.12
467.34
452.80
431.41
407.06
402.31
392.13
392.77
380.09
400.05
448.84
495.00
520.01
555.72
536.69
507.00
475.42
465.26
430.65
430.94
416.42
422.59
440.99
502.52
517.99
514.90
488.44
450.00
424.95
417.08
410.06
410.09
418.06
442.53
506.91
600.05
664.89
662.05
648.38
580.00
513.28
523.94
483.88
472.13
459.22
463.42
489.64
547.74
597.04
616.33
575.10
549.97
526.89
509.09
500.00
493.09
509.47
541.60
593.30
676.04
747.93
681.00
629.09
552.03
508.92
523.92
479.90
480.00
474.46
478.13
499.24
550.00
598.90
620.10
613.59
610.19
577.65
559.87
563.11
543.34
541.90
586.23
593.97
642.99
657.98
646.96
600.06
562.82
524.93
510.09
467.63
450.10
434.14
439.39
469.62
528.21
571.24
587.56
575.00
566.00
547.26
527.80
488.24
461.14
461.17
490.86
517.42
545.56
568.99
569.40
550.00
530.58
504.93
512.09
500.05
480.09
460.04
452.61
452.15
471.69
475.03
484.93
480.02
464.50
443.19
432.48
364.68
344.13
339.28
361.23
402.56
475.06
529.91
552.48
540.09
514.12
458.96
430.27
381.00
374.94
344.27
323.00
324.07
365.99
348.35
332.00
317.26
254.52
176.88
97.31
77.46
97.34
204.21
313.88
455.00
530.00
592.00
623.89
609.96
595.46
570.11
504.25
477.42
467.94
447.93
450.02
497.08
561.74
599.90
610.00
595.59
583.46
567.50
534.30
540.91
557.06
577.20
586.67
613.55
640.00
675.55
679.97
629.63
588.86
545.00
550.00
504.73
507.00
500.57
503.32
531.02
627.95
668.21
680.00
640.10
614.01
551.40
518.71
518.46
549.81
572.78
604.43
648.15
713.65
794.95
771.00
708.83
644.00
599.99
581.80
550.00
550.19
535.98
539.01
574.18
648.00
683.25
694.26
649.92
588.06
576.89
516.12
541.97
545.11
577.34
613.48
672.33
750.00
850.00
783.56
724.96
659.37
578.42
535.20
522.92
520.07
513.06
518.60
530.07
606.61
668.24
689.87
639.34
576.99
535.04
505.88
504.19
502.59
524.96
564.35
686.80
714.23
766.79
760.00
710.00
673.40
626.73
607.15
580.07
572.53
571.04
569.21
598.99
750.00
769.23
802.99
781.62
763.20
750.03
702.33
676.88
643.55
665.93
685.56
750.01
770.00
780.00
778.54
770.00
747.74
700.00
685.14
644.20
636.80
587.90
563.47
573.10
580.90
636.00
682.59
685.95
660.75
601.84
578.03
488.82
500.16
461.73
489.19
554.67
669.91
704.62
700.06
665.98
659.94
576.39
585.03
491.40
467.70
430.00
425.97
409.92
427.29
441.91
467.45
437.62
275.09
256.88
115.98
75.80
13.29
62.16
105.92
336.20
579.24
676.40
700.75
645.31
606.70
590.03
590.85
544.14
523.30
521.03
516.07
582.36
696.75
769.92
793.99
668.06
661.36
574.27
548.77
553.42
541.57
548.41
645.73
773.91
837.66
871.00
860.89
800.00
762.48
615.91
617.49
595.07
585.01
584.96
594.99
612.55
763.30
778.06
791.31
759.95
664.79
580.26
569.34
571.95
553.98
581.30
573.89
746.77
793.71
855.46
765.99
705.00
626.74
573.80
531.48
523.31
541.87
498.16
541.83
543.26
649.99
724.46
736.97
697.72
633.31
644.83
552.93
529.08
496.98
519.64
541.81
641.74
720.67
750.00
714.45
677.26
563.52
532.51
490.77
484.36
486.34
480.02
495.18
532.80
644.71
669.21
665.46
614.15
567.93
522.02
495.26
491.55
511.25
539.65
559.97
631.45
686.23
729.90
702.09
640.72
572.54
495.19
456.05
418.74
395.35
362.68
391.73
445.42
532.08
566.10
581.97
529.89
497.53
414.16
282.98
262.17
263.97
309.98
367.53
489.39
550.10
574.34
562.86
401.96
343.25
210.06
230.18
244.97
262.46
249.99
235.30
291.67
275.00
370.08
400.43
378.67
206.73
128.28
75.27
51.01
77.55
165.93
249.98
401.54
453.63
530.00
514.93
411.00
381.71
319.72
210.27
204.77
200.05
204.16
220.08
222.72
211.07
226.39
209.95
183.72
125.91
83.97
72.61
52.91
65.48
86.63
204.12
375.00
455.47
509.93
509.93
445.00
409.67
335.28
269.25
220.00
212.45
222.84
239.33
367.52
459.90
506.50
519.93
470.49
400.99
308.08
250.01
182.56
204.10
267.37
346.51
487.05
559.79
589.00
506.82
420.15
309.49
225.45
273.51
298.29
275.68
282.87
286.75
340.91
509.80
553.88
561.75
478.46
431.07
304.49
255.17
267.10
279.92
363.97
434.52
524.00
564.44
570.25
561.50
528.91
470.01
456.41
415.26
384.07
367.45
366.11
387.67
394.01
484.68
519.90
524.77
501.18
469.94
450.38
392.98
390.39
396.65
399.97
445.33
521.31
548.66
599.90
558.94
532.50
486.40
438.81
441.95
407.74
400.29
381.92
379.23
404.13
500.75
503.86
522.98
476.45
468.70
441.44
429.00
397.87
388.30
393.01
398.00
450.00
470.30
481.48
487.29
467.29
380.64
299.62
300.01
238.20
205.01
192.60
226.87
278.70
375.58
431.00
431.46
401.74
353.07
329.86
339.76
292.47
293.88
291.02
364.23
390.00
435.31
467.35
465.00
419.95
398.29
375.44
400.85
359.09
352.09
348.07
348.09
356.04
381.30
411.07
427.72
429.18
419.90
418.36
399.98
355.00
348.99
353.39
371.98
436.24
469.52
491.86
483.98
459.95
443.97
437.01
421.45
385.07
385.06
369.22
358.54
369.02
379.02
385.01
402.13
402.13
388.50
380.04
360.00
295.00
251.80
297.00
343.10
404.32
459.99
505.94
517.20
484.94
451.26
400.00
347.09
355.48
355.00
349.90
353.39
389.05
466.11
502.68
502.29
458.97
405.02
359.35
351.33
329.91
336.94
344.22
385.97
471.71
515.00
510.82
515.26
443.31
369.00
341.96
226.89
294.93
282.30
295.04
302.86
300.82
395.97
445.48
461.19
443.63
422.29
428.86
335.95
325.35
322.98
334.94
358.54
362.75
482.74
470.13
467.11
426.64
378.62
324.53
345.08
319.26
329.37
325.23
336.69
338.76
400.00
498.19
507.60
500.66
492.32
492.40
457.80
454.37
417.20
439.96
446.78
461.44
466.40
488.06
487.82
460.34
421.71
353.41
391.63
338.77
317.25
301.87
271.99
320.84
450.00
438.52
427.38
440.09
398.48
375.02
316.09
300.17
296.09
260.82
274.70
366.08
411.60
418.54
423.94
393.21
351.84
254.09
182.60
163.73
140.92
138.26
142.59
211.52
354.10
421.07
446.00
333.78
190.32
111.86
80.95
67.84
38.19
43.97
83.09
149.92
313.75
363.93
350.00
219.56
160.86
119.91
92.62
80.24
71.17
80.20
71.11
72.69
82.24
86.00
97.88
74.03
79.55
60.06
43.92
5.09
7.13
2.00
35.18
66.72
104.50
144.33
106.36
72.68
70.42
44.28
26.62
27.06
22.19
27.17
34.02
31.59
22.00
60.05
74.57
67.95
72.55
72.46
68.49
35.37
32.24
33.97
47.93
81.73
182.50
201.92
214.68
182.75
149.50
113.28
83.82
97.02
84.28
83.89
98.33
169.40
344.87
400.03
415.38
355.00
325.98
230.69
190.78
153.35
170.13
215.41
228.15
350.00
407.43
442.05
420.05
375.00
342.68
296.69
261.77
260.10
275.39
262.47
260.10
278.30
375.00
433.00
440.76
401.65
364.15
344.30
318.48
306.78
308.31
325.61
355.69
420.70
469.05
580.61
508.10
429.90
388.20
353.78
310.30
299.58
299.54
299.58
297.28
340.94
427.01
534.75
527.71
429.07
358.15
321.62
298.37
302.26
311.38
331.88
364.32
406.74
470.00
574.51
490.53
403.66
370.00
349.39
373.07
339.41
330.08
310.94
322.20
360.00
435.10
536.03
498.80
387.88
333.90
301.00
294.36
275.84
288.07
310.94
376.92
437.74
493.68
600.00
510.00
418.38
396.34
378.69
352.56
320.23
312.58
300.48
303.12
324.57
410.66
455.29
424.57
376.02
350.92
338.56
318.16
295.30
324.92
330.76
372.14
422.09
460.13
473.02
435.61
395.48
381.86
360.93
377.94
344.12
312.03
307.23
306.29
312.74
345.20
371.78
370.66
375.15
369.93
363.49
330.00
298.29
299.00
317.11
357.00
374.47
409.63
427.76
407.68
371.55
362.73
314.97
268.66
230.00
215.24
215.16
194.40
197.60
228.14
239.90
278.74
291.60
271.97
277.00
266.48
238.34
211.34
218.59
266.20
328.13
380.09
412.03
393.92
369.97
348.17
294.43
248.77
179.85
156.84
121.24
98.22
155.92
244.59
333.89
329.99
291.50
259.75
217.48
162.98
173.93
154.25
165.24
197.39
309.08
389.01
419.01
396.58
329.70
303.08
263.91
190.95
180.24
169.80
151.30
167.35
209.97
327.48
415.95
443.51
412.29
366.86
351.37
301.37
293.27
288.65
295.21
308.29
365.30
381.50
418.99
400.52
351.43
333.69
319.71
306.42
275.78
245.94
242.98
273.77
307.13
383.17
472.63
500.38
429.91
409.97
394.60
353.76
346.45
331.80
357.91
384.98
435.59
510.79
640.42
510.00
419.99
372.61
361.80
351.45
336.51
326.14
315.19
320.00
345.53
440.07
569.93
583.44
407.08
371.75
352.10
330.49
344.25
335.30
350.00
366.45
445.01
523.19
605.00
520.00
424.99
397.03
374.46
349.44
336.10
325.03
322.42
324.80
348.44
429.99
524.00
538.92
431.37
376.35
334.17
279.01
252.20
200.03
195.36
218.23
306.61
365.85
339.09
292.71
192.44
164.00
91.95
64.41
63.59
50.00
21.48
16.91
15.03
15.02
23.84
45.02
73.05
109.85
106.77
90.00
74.04
66.16
66.90
69.82
137.80
169.67
195.77
180.27
144.90
110.29
77.45
64.54
64.04
58.24
61.95
59.19
59.53
59.38
60.03
85.03
92.00
74.15
62.08
57.47
56.37
64.55
67.01
91.36
192.05
280.00
311.72
289.98
230.47
162.70
150.92
80.84
94.04
82.92
84.27
95.21
126.95
192.68
279.94
304.10
243.02
193.73
117.10
100.00
121.96
83.43
140.30
204.07
322.59
391.11
466.62
379.85
321.30
318.42
279.93
205.48
188.59
187.67
169.10
187.69
196.92
329.97
427.50
497.39
317.09
258.90
217.24
161.91
150.69
140.07
144.08
177.30
211.31
229.52
206.11
173.59
154.87
157.34
133.70
44.99
83.33
54.11
46.04
41.98
41.64
96.14
149.16
155.55
104.87
96.07
54.84
36.23
3.91
0.38
12.46
39.99
25.69
20.19
15.99
11.04
17.00
20.23
1.89
0.93
0.39
0.09
0.08
0.06
0.58
20.14
49.76
58.22
41.99
38.36
8.94
0.71
0.12
3.91
14.46
17.07
24.42
40.92
44.91
44.50
41.01
36.19
25.88
16.99
4.86
1.35
0.45
0.10
0.81
5.95
50.00
51.26
48.61
39.91
20.53
13.65
13.74
19.54
18.00
23.13
33.91
51.97
49.95
38.96
49.94
51.19
49.91
44.68
45.06
46.72
46.90
46.87
47.22
49.22
63.14
70.21
70.24
52.49
45.72
36.57
35.00
29.94
29.91
41.91
45.41
52.46
47.71
46.13
46.56
57.27
62.78
97.50
97.13
100.80
101.26
101.33
100.80
120.98
195.68
196.70
150.85
102.46
87.69
59.97
50.00
54.75
51.44
132.38
183.08
198.84
258.74
145.05
94.80
92.69
61.84
69.37
68.68
66.59
68.70
78.16
98.21
127.76
227.26
266.26
217.18
165.03
158.87
133.46
131.08
131.17
139.37
158.86
210.58
247.81
258.00
179.40
157.93
155.40
120.93
121.02
115.92
107.73
109.77
120.02
130.93
188.81
299.91
348.98
300.72
258.72
229.87
186.57
183.17
207.25
207.60
256.84
323.90
442.72
484.75
351.65
295.02
262.03
258.54
236.57
222.21
207.56
198.99
219.90
240.68
307.75
480.12
479.30
334.03
283.73
232.08
213.64
217.90
217.58
224.31
219.40
295.09
378.40
479.97
324.38
273.02
243.55
228.57
218.66
210.00
193.80
182.96
195.02
218.46
257.47
285.81
332.53
301.56
280.05
277.70
262.70
254.99
255.00
263.58
267.05
292.35
319.66
343.70
290.10
248.54
225.19
202.06
231.32
219.60
212.12
211.62
218.92
229.49
278.37
350.00
412.65
327.39
297.26
282.41
262.01
238.37
221.42
242.69
258.60
274.00
290.00
299.30
266.99
217.94
220.03
193.00
191.76
174.00
163.80
144.74
139.90
133.36
147.49
159.44
186.62
199.33
185.09
160.00
144.91
136.57
118.78
120.00
133.21
169.38
184.83
189.49
151.37
135.92
140.08
128.71
76.54
67.90
65.99
69.44
79.12
75.55
71.40
75.95
87.58
84.83
75.32
67.51
51.01
12.49
16.74
64.99
75.44
167.24
175.29
189.16
177.07
144.96
140.04
134.55
128.31
114.41
105.65
89.64
86.14
108.44
129.28
158.64
182.42
161.10
128.32
128.92
117.49
117.64
123.27
139.38
169.71
221.16
263.25
268.16
190.00
164.25
162.65
145.02
141.09
135.29
139.92
139.50
139.53
143.12
150.10
180.74
232.10
203.35
193.51
179.28
125.88
138.55
122.01
135.23
152.35
198.51
230.10
247.85
198.58
165.68
162.95
153.60
131.62
125.18
121.42
125.12
133.18
148.60
169.43
240.65
247.74
216.69
187.31
174.76
152.62
148.19
142.48
151.26
168.93
197.84
240.16
226.92
166.50
146.57
148.15
131.57
127.53
114.89
77.39
76.02
71.97
112.34
149.52
172.71
195.81
167.65
167.41
155.51
132.20
129.66
130.08
134.32
140.32
168.28
177.32
181.97
153.72
137.10
128.62
120.26
131.73
118.62
113.36
111.01
115.97
136.36
155.77
180.85
194.58
194.62
181.74
177.96
174.07
166.50
168.96
171.07
178.83
197.18
201.49
209.94
179.04
164.60
155.34
143.21
143.22
132.71
129.03
132.49
132.74
134.90
133.80
141.20
145.49
145.60
140.45
132.35
129.14
121.17
114.85
116.80
132.80
159.12
179.13
183.23
164.16
143.00
137.01
132.42
110.66
99.15
93.54
90.00
92.21
88.55
104.80
110.00
121.46
114.86
96.00
93.23
83.47
76.17
78.31
80.02
89.23
103.87
112.44
115.49
102.98
87.33
80.71
73.53
52.81
49.82
38.08
25.08
38.07
52.33
68.29
103.69
122.10
108.91
104.75
81.49
68.10
67.82
68.19
76.16
82.50
109.98
119.34
125.99
107.05
86.73
85.67
78.40
25.48
50.54
56.49
56.19
67.40
70.67
86.88
116.63
126.66
126.17
102.21
100.10
93.81
78.72
79.98
92.11
115.60
152.63
178.55
184.77
152.70
130.43
120.67
112.33
97.60
91.39
88.23
88.69
96.53
107.51
128.04
154.98
162.10
150.06
133.31
118.58
112.49
115.93
118.53
124.91
146.98
144.72
154.90
148.17
123.69
109.99
98.47
90.10
91.72
95.91
97.94
95.81
96.69
110.61
124.99
176.79
177.25
145.10
130.36
118.81
107.59
100.86
105.72
119.59
140.56
159.56
154.95
143.61
131.82
128.00
120.48
98.29
88.18
86.10
88.18
88.04
89.21
92.85
114.91
127.59
133.94
123.58
119.60
104.99
99.95
88.90
92.18
96.17
105.92
125.18
129.08
126.98
111.71
99.04
91.43
83.09
90.42
89.89
87.61
87.98
87.00
86.49
88.56
100.74
115.04
109.00
95.48
87.00
84.85
81.46
84.51
89.96
112.92
123.01
139.91
138.24
121.85
109.90
104.04
97.49
103.01
100.49
100.20
99.92
98.31
98.46
98.98
100.55
110.04
113.33
104.18
97.81
100.03
100.00
100.00
109.43
124.61
140.15
156.00
170.38
165.00
147.52
138.96
127.00
109.26
129.38
119.09
116.32
114.60
115.07
123.45
145.62
166.39
168.00
153.30
143.35
141.95
141.96
145.96
155.00
169.15
179.48
201.51
182.84
167.81
147.09
136.78
120.51
100.73
80.65
76.68
55.26
37.00
38.76
54.63
59.95
77.99
84.40
67.65
57.18
48.91
38.59
41.24
68.89
80.00
89.39
112.07
125.37
102.08
84.19
71.67
69.57
27.71
54.92
24.34
17.38
15.28
20.20
30.01
69.71
97.19
97.12
73.03
47.08
42.58
39.94
52.66
72.17
91.30
97.84
146.24
140.13
104.43
94.76
83.54
88.48
76.47
66.85
46.34
38.95
40.21
42.47
50.00
76.00
87.20
84.03
89.88
91.23
102.56
100.63
106.86
110.16
102.92
111.16
119.32
110.35
95.88
93.06
92.30
96.03
83.99
39.97
47.50
46.33
46.66
47.90
49.39
68.35
100.02
103.30
98.26
92.67
85.14
72.35
69.76
69.93
74.65
72.18
122.21
240.55
213.76
193.85
187.00
179.80
166.81
45.07
50.82
53.69
40.49
41.68
48.07
53.02
129.04
139.39
144.35
133.83
114.45
96.36
88.72
109.63
138.03
151.00
166.93
153.91
48.55
34.19
35.33
30.81
27.36
26.06
22.97
23.40
20.99
24.02
26.30
30.83
31.24
37.36
44.82
53.25
50.36
51.65
39.37
37.52
38.02
40.34
50.07
49.86
41.67
35.82
27.15
27.59
19.85
0.09
0.09
0.09
0.30
5.00
9.07
47.80
67.29
58.95
58.53
58.13
54.51
51.72
49.81
53.50
57.83
72.24
155.57
156.49
117.01
55.05
51.29
53.78
48.43
42.64
29.96
27.70
26.21
30.96
34.25
62.94
69.01
119.03
69.05
67.04
64.69
63.11
62.52
62.32
62.71
65.81
67.50
61.71
45.51
40.49
35.20
33.26
27.01
33.51
27.07
18.77
18.00
20.01
21.40
31.30
43.36
48.90
48.68
48.62
47.55
46.01
46.97
70.62
82.22
159.06
192.11
199.96
168.84
149.10
140.69
127.73
118.81
112.50
75.91
66.49
66.44
64.89
75.85
151.27
181.85
199.12
155.16
75.95
64.69
43.51
41.09
35.29
30.76
31.14
29.97
23.13
17.42
16.40
14.13
11.68
7.52
0.95
0.30
0.08
0.07
0.04
0.10
0.83
2.01
3.05
3.01
3.03
3.02
2.50
2.13
2.51
2.84
5.04
6.35
4.71
2.36
1.02
0.94
0.41
0.29
0.09
0.19
8.03
45.47
99.52
129.68
158.00
172.29
171.72
166.93
141.85
130.89
134.16
138.03
148.94
206.97
194.53
240.70
238.00
199.71
177.44
166.84
160.86
158.69
168.80
152.21
143.00
127.00
134.07
135.29
135.29
150.75
155.96
131.57
120.31
133.00
130.13
125.00
137.40
141.87
150.38
187.61
197.86
165.12
150.04
141.04
138.00
119.18
97.61
84.59
68.51
36.39
37.16
45.86
147.04
205.10
208.90
166.45
142.40
129.90
143.33
165.69
202.34
212.28
212.44
254.18
217.88
187.44
160.49
139.71
157.58
147.57
136.20
128.89
114.28
97.91
55.52
31.05
126.16
109.67
125.34
98.01
102.89
95.10
89.44
83.97
82.82
69.85
56.16
85.52
41.59
27.84
23.42
18.83
17.84
15.61
18.93
17.87
17.21
17.10
17.29
18.44
22.63
28.65
34.23
28.91
31.26
32.72
29.46
28.22
28.71
29.41
30.48
49.95
40.03
24.96
25.45
24.29
23.58
20.11
36.37
23.92
16.45
10.39
5.88
11.06
45.33
61.41
85.86
72.28
60.56
59.41
57.32
57.61
57.94
61.86
64.07
74.78
60.56
49.84
44.22
37.63
39.90
32.04
78.79
74.94
71.56
69.75
79.22
85.34
101.04
121.46
137.96
134.52
119.28
110.42
107.68
106.06
107.65
117.44
132.84
155.97
157.90
123.56
112.74
113.19
111.03
108.22
125.69
120.00
123.54
123.50
123.54
125.21
127.01
159.93
205.70
215.07
176.44
198.76
186.74
192.02
213.34
227.11
243.39
281.98
287.29
260.70
240.00
232.09
213.79
199.91
200.74
179.51
182.92
176.52
170.24
175.88
180.08
194.19
200.03
215.03
212.03
217.99
210.05
198.85
205.15
224.60
241.95
267.37
273.00
266.44
244.90
215.10
212.03
169.45
139.35
140.38
149.49
144.98
154.80
167.52
270.40
316.94
324.05
308.15
296.18
307.53
299.82
302.32
332.02
333.69
334.68
335.39
315.41
291.43
252.17
220.00
199.93
155.03
113.67
112.45
99.97
82.15
87.90
103.72
152.18
224.40
204.23
209.32
214.04
224.13
212.93
211.87
209.07
224.68
212.05
219.06
193.79
181.19
156.18
153.17
149.92
137.52
127.45
123.80
119.99
115.41
113.88
120.27
139.99
149.90
165.79
170.62
172.74
166.77
162.64
161.14
175.76
179.91
186.16
218.13
165.81
154.80
139.97
125.11
125.38
113.78
138.23
124.31
121.92
117.49
125.92
149.88
207.39
293.16
309.09
294.94
295.02
289.90
272.93
269.92
272.24
300.36
315.05
322.72
299.59
285.91
261.56
229.94
217.10
173.64
187.29
175.19
163.07
151.82
159.15
177.28
225.06
297.07
307.65
282.90
280.45
263.47
256.03
272.43
290.17
318.36
327.36
349.90
337.95
314.37
274.15
259.93
269.92
226.03
212.12
210.70
199.13
200.00
197.99
211.94
214.94
228.07
264.96
279.90
257.83
253.32
249.99
237.41
257.61
264.02
288.20
315.92
306.10
270.08
232.22
208.25
200.00
169.52
141.41
135.00
122.01
99.40
99.40
105.64
125.00
132.52
135.48
147.01
149.82
159.53
155.79
151.84
157.13
158.00
165.72
174.51
174.81
163.21
152.41
127.11
129.49
121.32
126.12
126.41
123.74
119.58
116.35
120.08
147.02
182.00
204.08
206.79
227.96
233.19
232.37
232.34
232.31
232.90
245.47
249.98
241.15
219.77
202.30
190.13
177.63
168.14
209.66
204.93
209.93
209.77
209.92
222.02
259.67
386.71
443.55
445.32
445.91
435.60
418.05
424.26
446.38
450.70
460.04
501.10
486.86
463.82
400.00
334.90
297.66
280.25
288.45
279.18
264.27
260.79
267.63
290.00
332.28
434.43
478.10
478.60
474.71
482.52
449.99
450.47
464.24
458.76
478.40
503.55
495.20
465.14
413.90
344.20
316.86
277.18
292.06
291.43
284.76
274.80
271.91
283.49
353.18
450.84
463.55
462.15
453.07
446.43
437.88
446.54
464.07
463.10
458.04
484.07
469.79
457.89
430.80
379.49
340.63
304.55
306.33
294.19
298.48
298.32
299.79
306.28
352.87
413.60
442.66
433.19
427.34
409.66
403.96
384.30
307.58
288.00
281.82
370.04
326.00
304.68
252.46
277.83
269.98
248.30
232.43
229.95
226.05
220.07
225.10
237.41
244.24
245.21
248.97
267.91
288.95
293.38
280.80
278.19
279.77
292.15
299.97
302.86
294.03
275.05
264.57
263.18
257.07
241.27
230.70
219.92
231.19
208.81
208.52
213.08
211.84
218.86
255.30
281.89
293.52
299.21
297.53
294.29
296.58
298.38
314.83
336.65
295.41
292.64
261.07
269.96
257.65
240.15
205.16
195.89
183.22
181.68
163.66
250.61
263.68
297.07
288.62
300.01
313.03
328.90
323.70
320.00
335.93
410.09
420.40
444.98
422.76
417.65
382.89
333.11
296.95
292.62
298.10
277.91
275.90
277.69
287.38
309.23
370.99
454.93
455.68
459.95
453.20
460.17
453.97
446.10
459.29
453.84
461.53
479.40
453.93
418.26
368.95
319.00
304.98
274.28
264.59
235.72
203.91
199.96
230.18
259.40
254.05
345.01
383.29
345.70
325.23
305.01
296.85
323.15
408.06
436.74
454.07
419.26
400.00
388.38
408.82
327.15
300.72
280.56
286.56
280.78
269.67
269.91
275.49
299.79
326.00
400.09
447.43
454.09
447.85
446.22
448.47
448.26
454.05
456.99
462.92
498.21
459.27
454.02
433.91
352.92
327.12
299.24
325.99
305.79
301.76
297.87
303.41
317.66
358.77
455.38
474.29
474.70
471.33
484.16
481.10
470.00
476.44
473.91
474.88
507.91
477.37
451.51
440.00
376.00
338.04
316.22
312.48
306.00
290.79
287.26
284.90
287.15
295.35
313.58
346.14
396.61
419.33
412.38
398.10
375.90
377.07
393.50
420.59
449.92
442.70
420.72
361.15
323.88
307.65
288.27
300.65
292.80
288.08
272.52
268.42
269.24
280.98
279.73
293.09
320.09
326.55
345.19
347.71
324.74
328.31
336.51
361.60
413.94
430.05
412.74
383.98
335.35
323.85
306.25
280.18
277.68
274.31
269.79
267.92
283.71
392.24
505.00
545.22
513.99
505.47
497.62
489.95
482.80
506.04
535.73
558.54
588.09
558.66
508.04
490.00
408.90
361.32
313.20
305.70
287.52
284.69
275.83
282.30
316.07
368.90
499.70
571.76
553.29
518.08
505.16
482.78
506.03
552.71
570.25
590.00
665.01
595.94
522.58
452.47
353.79
321.03
283.08
271.89
270.47
268.69
278.00
279.69
311.11
368.82
494.97
539.99
569.72
565.18
568.01
526.07
515.48
514.95
528.53
545.00
590.00
557.00
520.57
487.90
396.67
351.72
328.94
300.00
290.74
279.46
270.19
274.14
289.63
336.73
432.74
490.03
489.66
474.55
450.72
406.56
396.53
455.05
469.93
485.03
500.00
499.91
485.53
439.90
367.72
336.29
306.06
296.30
288.12
280.19
270.33
282.55
296.35
344.51
458.94
543.49
561.72
543.49
540.83
492.26
469.12
465.80
465.14
478.55
505.00
490.17
467.80
392.63
334.42
307.61
279.13
283.11
268.10
243.04
232.88
228.63
228.58
229.91
241.06
241.98
246.95
250.00
251.76
250.76
245.95
249.97
252.95
266.86
263.33
251.21
242.00
231.11
229.99
197.72
195.45
176.27
168.67
170.28
172.11
172.43
169.49
168.30
177.22
209.72
209.65
218.09
216.12
185.80
224.43
229.50
239.86
233.57
229.47
220.65
208.29
130.02
163.08
145.93
115.28
120.10
105.84
92.36
76.10
77.72
109.11
175.36
240.03
249.57
248.85
248.85
247.05
248.70
245.80
249.43
248.81
249.02
248.85
248.85
227.11
187.71
174.65
166.33
120.06
108.19
92.41
92.45
76.35
81.94
99.21
149.99
199.68
223.40
225.14
220.37
227.34
219.23
216.22
228.18
225.01
227.65
228.99
234.43
230.00
228.24
229.49
211.16
184.65
182.11
174.76
178.93
167.93
168.96
180.00
218.57
253.16
273.00
269.84
251.71
247.87
238.45
232.89
240.98
228.96
224.79
246.01
234.99
225.81
211.19
187.91
170.58
140.09
158.90
145.60
140.19
132.41
128.22
155.92
183.86
224.72
224.40
223.72
225.40
224.40
224.04
216.82
213.29
210.39
213.19
214.19
219.13
214.94
198.68
183.71
170.96
161.67
148.72
148.72
146.39
137.87
141.00
148.55
169.45
189.19
217.00
222.20
225.09
221.93
223.91
228.44
225.92
220.05
222.06
214.02
209.93
198.44
181.34
152.08
148.74
119.90
81.20
50.40
50.00
33.32
36.89
48.48
57.53
98.20
122.20
145.87
153.00
145.02
138.60
148.27
151.10
160.33
163.05
166.34
149.74
138.79
129.67
120.00
116.70
110.78
120.28
112.11
106.65
90.84
85.70
85.65
85.64
92.70
110.10
113.28
119.60
121.36
101.01
95.60
92.89
110.08
112.91
130.42
120.38
110.09
118.21
106.52
102.25
100.00
50.30
36.98
37.86
21.30
17.90
16.33
18.11
23.29
38.68
53.57
59.30
59.00
54.90
29.99
32.64
33.99
47.63
54.98
52.20
59.17
58.43
59.04
48.55
19.48
23.36
9.98
5.69
5.00
11.46
19.59
30.42
80.96
95.90
100.08
95.93
108.42
110.38
124.36
139.08
143.32
147.56
158.69
164.69
156.93
147.56
128.80
107.84
85.62
40.28
33.13
10.31
0.05
0.03
0.10
16.97
31.41
60.63
69.62
70.06
70.28
72.30
75.97
74.90
99.06
114.26
121.26
119.90
95.14
81.55
68.18
42.54
21.05
-0.36
-1.05
-1.10
-2.18
-2.05
-0.98
-0.05
0.09
8.98
5.97
5.28
4.01
1.99
3.40
19.95
24.54
27.20
34.54
51.41
47.94
26.62
25.01
26.31
21.07
11.17
5.09
3.09
0.65
0.57
4.88
10.93
24.13
27.69
29.08
26.09
24.72
17.74
19.87
25.64
27.97
21.01
30.78
22.40
13.79
2.63
0.69
0.40
0.00
0.02
0.02
0.00
-0.04
-0.03
-0.02
0.00
0.00
0.63
2.05
1.05
6.79
10.07
10.59
16.99
67.11
49.94
67.21
68.10
67.01
40.50
14.89
9.94
4.84
